image: map_rotated.png
resolution: 0.050000
# origin: [-10.000000, -20.240000, 0.000000]
origin: [-7.000, -10.500000, 0.000000]
negate: 0
occupied_thresh: 0.65
free_thresh: 0.196

